Trial 1: [[2, 1, 2, 1, 1, 2, 0, 1, 0, 2, 0, 2, 2, 0, 1], [0, 1, 1, 0, 2, 1, 0, 0, 1, 1, 2, 0, 2, 1, 1], [1, 1, 0, 0, 2, 0, 2, 0, 1, 0, 0, 1, 0, 2, 1]] with 2500 samples
CEGIS got [[2, 1, 2, 1, 1, 2, 0, 1, 0, 2, 0, 2, 2, 0, 1], [0, 1, 1, 0, 2, 1, 0, 0, 1, 1, 2, 0, 2, 1, 1], [1, 1, 0, 0, 2, 0, 2, 0, 1, 0, 0, 1, 0, 2, 1]] in (3.60996127129 build, 1.12622308731 solve): 4.7361843586 total time. Was Solved: True. Used 65 examples.
Oracle got [[2, 1, 2, 1, 1, 2, 0, 1, 0, 2, 0, 2, 2, 0, 1], [0, 1, 1, 0, 2, 1, 0, 1, 1, 0, 2, 0, 2, 1, 1], [1, 1, 0, 0, 2, 0, 2, 0, 1, 0, 0, 1, 0, 2, 0]] in (3.6100859642 build, 0.104591846466 solve): 3.71467781067 total time. Was Solved: False. Used 65 examples.
Add50 got [[2, 1, 1, 1, 2, 0, 1, 0, 2, 1, 1, 2, 2, 1, 0], [2, 0, 0, 0, 0, 2, 1, 1, 1, 1, 2, 0, 0, 1, 1], [1, 0, 1, 0, 1, 2, 2, 2, 2, 2, 0, 1, 2, 2, 1]] in (2.79534602165 build, 0.0905048847198 solve): 2.88585090637 total time. Was Solved: False. Used 50 examples.
Add200 got [[2, 1, 2, 1, 1, 2, 0, 1, 0, 2, 0, 2, 2, 0, 1], [0, 1, 1, 0, 2, 0, 1, 0, 0, 0, 2, 2, 2, 1, 1], [1, 1, 0, 0, 2, 0, 2, 0, 1, 0, 0, 1, 0, 2, 1]] in (5.42571997643 build, 0.117357969284 solve): 5.54307794571 total time. Was Solved: False. Used 100 examples.

Trial 2: [[0, 0, 0, 2, 2, 0, 0, 0, 0, 0, 2, 2, 0, 2, 0], [0, 1, 0, 2, 1, 2, 0, 1, 2, 2, 1, 2, 0, 0, 1], [0, 2, 1, 0, 0, 1, 1, 2, 2, 1, 1, 2, 0, 2, 0]] with 2500 samples
CEGIS got [[0, 0, 0, 2, 2, 0, 0, 0, 0, 0, 2, 2, 0, 2, 0], [1, 1, 1, 2, 1, 2, 1, 1, 2, 2, 0, 2, 0, 0, 0], [0, 2, 1, 0, 0, 1, 1, 2, 2, 1, 1, 2, 0, 2, 0]] in (4.0118200779 build, 0.915914535522 solve): 4.92773461342 total time. Was Solved: True. Used 69 examples.
Oracle got [[0, 0, 0, 2, 2, 0, 0, 0, 0, 0, 2, 2, 0, 2, 0], [0, 1, 0, 2, 1, 2, 1, 1, 2, 2, 0, 2, 1, 0, 2], [0, 2, 1, 0, 0, 1, 1, 2, 2, 1, 1, 2, 0, 2, 0]] in (3.78714895248 build, 0.092903137207 solve): 3.88005208969 total time. Was Solved: False. Used 69 examples.
Add50 got [[2, 0, 0, 2, 2, 0, 1, 2, 2, 0, 2, 2, 2, 0, 1], [0, 1, 0, 0, 0, 1, 0, 1, 0, 2, 0, 2, 0, 2, 1], [1, 2, 1, 0, 1, 2, 1, 0, 0, 1, 1, 2, 1, 1, 0]] in (2.74217891693 build, 0.0375120639801 solve): 2.77969098091 total time. Was Solved: False. Used 50 examples.
Add200 got [[0, 0, 0, 2, 2, 0, 0, 0, 0, 0, 2, 2, 0, 2, 0], [1, 1, 0, 1, 0, 2, 1, 0, 2, 2, 0, 1, 1, 0, 0], [0, 2, 1, 1, 0, 1, 1, 2, 2, 1, 1, 2, 0, 2, 0]] in (5.55440211296 build, 0.0942289829254 solve): 5.64863109589 total time. Was Solved: False. Used 100 examples.

Trial 3: [[2, 1, 2, 0, 0, 2, 0, 1, 1, 1, 2, 2, 2, 1, 1], [0, 2, 0, 0, 2, 1, 2, 2, 2, 2, 2, 2, 2, 2, 1], [1, 0, 1, 2, 0, 1, 1, 2, 2, 0, 0, 2, 0, 0, 1]] with 2500 samples
CEGIS got [[2, 1, 2, 0, 0, 2, 0, 1, 1, 1, 2, 2, 2, 1, 1], [0, 2, 0, 0, 2, 1, 2, 2, 2, 2, 2, 2, 2, 2, 1], [1, 0, 1, 2, 0, 1, 1, 2, 2, 0, 0, 2, 0, 0, 1]] in (3.66411423683 build, 1.55361223221 solve): 5.21772646904 total time. Was Solved: True. Used 65 examples.
Oracle got [[2, 1, 2, 0, 0, 2, 0, 0, 1, 1, 2, 1, 1, 1, 1], [0, 2, 1, 0, 2, 1, 2, 2, 2, 2, 2, 2, 2, 2, 1], [2, 0, 1, 2, 1, 1, 1, 2, 2, 1, 1, 2, 0, 0, 1]] in (3.54928302765 build, 0.333396911621 solve): 3.88267993927 total time. Was Solved: False. Used 65 examples.
Add50 got [[1, 2, 0, 2, 1, 2, 1, 0, 0, 2, 2, 2, 0, 0, 2], [2, 0, 2, 1, 0, 1, 1, 2, 2, 0, 0, 0, 2, 2, 0], [1, 1, 2, 0, 0, 1, 2, 2, 1, 0, 0, 2, 0, 1, 1]] in (2.78911399841 build, 0.0433330535889 solve): 2.832447052 total time. Was Solved: False. Used 50 examples.
Add200 got [[2, 1, 2, 0, 0, 2, 0, 1, 1, 1, 2, 2, 2, 1, 2], [0, 2, 0, 0, 2, 1, 2, 0, 2, 2, 2, 2, 2, 0, 0], [1, 0, 1, 2, 1, 1, 1, 2, 2, 1, 0, 2, 1, 0, 1]] in (5.45926809311 build, 0.0493240356445 solve): 5.50859212875 total time. Was Solved: False. Used 100 examples.

Trial 4: [[1, 0, 2, 1, 2, 2, 0, 2, 0, 1, 0, 1, 1, 2, 2], [2, 2, 1, 0, 0, 1, 1, 1, 1, 1, 1, 2, 1, 1, 1], [0, 2, 1, 1, 0, 0, 0, 2, 2, 0, 2, 1, 2, 0, 2]] with 2500 samples
CEGIS got [[1, 0, 2, 1, 2, 2, 0, 2, 0, 1, 0, 1, 1, 2, 2], [2, 2, 1, 0, 0, 1, 1, 1, 1, 1, 1, 2, 1, 1, 1], [0, 2, 1, 1, 0, 0, 0, 2, 2, 0, 2, 1, 2, 0, 2]] in (3.79661464691 build, 1.22825813293 solve): 5.02487277985 total time. Was Solved: True. Used 66 examples.
Oracle got [[1, 2, 2, 1, 2, 2, 0, 2, 0, 1, 0, 1, 1, 2, 2], [2, 2, 1, 0, 0, 1, 1, 1, 1, 1, 1, 2, 1, 1, 1], [1, 0, 1, 0, 0, 0, 0, 2, 2, 0, 2, 1, 2, 0, 2]] in (3.76018190384 build, 0.28614282608 solve): 4.04632472992 total time. Was Solved: False. Used 66 examples.
Add50 got [[1, 2, 0, 2, 0, 0, 1, 2, 2, 1, 2, 2, 2, 2, 2], [2, 1, 2, 1, 2, 2, 0, 0, 2, 0, 1, 2, 0, 0, 1], [1, 0, 1, 1, 0, 0, 1, 1, 1, 2, 0, 0, 1, 1, 2]] in (2.84495711327 build, 0.0786621570587 solve): 2.92361927032 total time. Was Solved: False. Used 50 examples.
Add200 got [[1, 0, 2, 1, 2, 2, 0, 2, 0, 1, 0, 1, 1, 2, 2], [2, 2, 1, 0, 0, 0, 1, 0, 1, 1, 1, 2, 1, 1, 1], [0, 2, 1, 1, 0, 0, 0, 2, 2, 0, 2, 1, 2, 0, 2]] in (5.87022089958 build, 0.0757508277893 solve): 5.94597172737 total time. Was Solved: False. Used 100 examples.

Trial 5: [[2, 1, 1, 0, 0, 0, 2, 0, 1, 1, 0, 0, 2, 0, 1], [2, 2, 1, 1, 0, 2, 2, 1, 0, 2, 0, 0, 0, 2, 2], [0, 2, 1, 0, 2, 1, 0, 1, 2, 2, 2, 0, 1, 2, 1]] with 2500 samples
CEGIS got [[2, 1, 1, 0, 0, 0, 2, 0, 1, 1, 0, 0, 2, 0, 1], [2, 2, 1, 1, 0, 2, 2, 1, 0, 2, 0, 0, 0, 2, 2], [0, 2, 1, 0, 2, 1, 0, 1, 2, 2, 2, 0, 1, 2, 1]] in (4.18309783936 build, 1.18875432014 solve): 5.3718521595 total time. Was Solved: True. Used 68 examples.
Oracle got [[2, 1, 1, 0, 0, 1, 2, 0, 1, 1, 0, 0, 2, 0, 1], [2, 2, 1, 0, 0, 2, 2, 1, 0, 2, 0, 0, 1, 2, 2], [0, 2, 1, 0, 2, 1, 1, 1, 2, 2, 2, 0, 1, 2, 1]] in (3.78225111961 build, 0.0549039840698 solve): 3.83715510368 total time. Was Solved: False. Used 68 examples.
Add50 got [[2, 0, 1, 1, 2, 0, 1, 0, 1, 2, 2, 2, 0, 2, 1], [2, 1, 0, 0, 0, 1, 2, 2, 0, 0, 1, 1, 0, 0, 2], [0, 0, 0, 0, 1, 2, 0, 1, 2, 1, 0, 1, 0, 1, 1]] in (2.83478808403 build, 0.0737988948822 solve): 2.90858697891 total time. Was Solved: False. Used 50 examples.
Add200 got [[2, 0, 1, 0, 0, 0, 2, 0, 1, 1, 0, 0, 2, 0, 1], [2, 2, 1, 0, 0, 2, 0, 0, 0, 2, 0, 0, 0, 2, 2], [0, 2, 1, 1, 2, 0, 0, 1, 2, 2, 2, 0, 1, 2, 1]] in (5.58664107323 build, 0.0765011310577 solve): 5.66314220428 total time. Was Solved: False. Used 100 examples.

Trial 1: [[0, 1, 1, 1, 0, 2, 2, 1, 1, 2, 2, 1, 1, 0, 2], [1, 2, 2, 0, 0, 1, 1, 2, 1, 1, 0, 2, 1, 1, 1], [0, 0, 2, 1, 1, 0, 2, 1, 1, 1, 0, 0, 1, 1, 1]] with 2500 samples
CEGIS got [[0, 1, 1, 1, 0, 2, 2, 1, 1, 2, 2, 1, 1, 0, 2], [1, 2, 2, 0, 0, 1, 1, 2, 1, 1, 0, 2, 1, 1, 1], [0, 0, 2, 1, 1, 0, 2, 1, 1, 1, 0, 0, 1, 1, 1]] in (4.10209774971 build, 1.0606098175 solve): 5.16270756721 total time. Was Solved: True. Used 71 examples.
Oracle got [[0, 1, 1, 1, 0, 2, 2, 1, 1, 2, 2, 1, 1, 0, 2], [1, 2, 2, 0, 0, 1, 1, 2, 1, 1, 0, 2, 1, 1, 1], [0, 0, 2, 1, 1, 0, 2, 1, 1, 1, 0, 0, 1, 2, 1]] in (3.99488401413 build, 0.113926887512 solve): 4.10881090164 total time. Was Solved: False. Used 71 examples.
Add50 got [[1, 2, 2, 1, 1, 2, 0, 0, 1, 0, 0, 1, 0, 0, 1], [0, 0, 2, 0, 1, 0, 2, 1, 2, 0, 0, 2, 0, 2, 2], [0, 1, 2, 0, 1, 0, 2, 0, 0, 1, 1, 2, 1, 1, 1]] in (2.86194181442 build, 0.0889661312103 solve): 2.95090794563 total time. Was Solved: False. Used 50 examples.
Add200 got [[0, 1, 1, 1, 0, 2, 2, 0, 1, 2, 2, 1, 1, 0, 2], [1, 2, 2, 0, 0, 1, 1, 2, 1, 1, 0, 2, 1, 1, 1], [0, 0, 2, 1, 1, 0, 2, 1, 1, 1, 1, 0, 1, 1, 1]] in (11.1994130611 build, 0.0839970111847 solve): 11.2834100723 total time. Was Solved: False. Used 200 examples.

Trial 2: [[0, 1, 0, 2, 2, 2, 0, 1, 0, 1, 1, 1, 2, 0, 1], [1, 1, 2, 1, 0, 1, 1, 2, 1, 2, 2, 1, 2, 1, 1], [2, 0, 0, 1, 1, 1, 2, 1, 2, 1, 1, 2, 0, 1, 1]] with 2500 samples
CEGIS got [[0, 1, 0, 2, 2, 2, 0, 1, 0, 1, 1, 1, 2, 0, 1], [1, 1, 2, 1, 0, 1, 1, 2, 1, 2, 2, 1, 2, 1, 1], [2, 0, 0, 1, 1, 1, 2, 1, 2, 1, 1, 2, 0, 1, 1]] in (3.90457415581 build, 1.15765547752 solve): 5.06222963333 total time. Was Solved: True. Used 67 examples.
Oracle got [[0, 1, 0, 2, 2, 2, 0, 1, 0, 1, 1, 1, 2, 0, 1], [1, 1, 2, 1, 0, 1, 1, 2, 1, 2, 2, 1, 2, 1, 1], [2, 0, 0, 1, 1, 1, 2, 1, 2, 1, 1, 2, 0, 1, 1]] in (3.72668886185 build, 0.117151975632 solve): 3.84384083748 total time. Was Solved: True. Used 67 examples.
Add50 got [[0, 2, 2, 0, 2, 0, 1, 1, 2, 2, 0, 2, 1, 1, 2], [0, 0, 1, 2, 1, 2, 0, 0, 2, 0, 2, 0, 1, 0, 1], [2, 0, 0, 1, 2, 1, 0, 2, 0, 2, 2, 2, 1, 0, 1]] in (2.81892299652 build, 0.0723910331726 solve): 2.89131402969 total time. Was Solved: False. Used 50 examples.
Add200 got [[0, 1, 0, 2, 2, 2, 0, 1, 0, 1, 1, 1, 2, 0, 1], [1, 1, 2, 1, 0, 1, 1, 2, 0, 2, 2, 1, 2, 0, 1], [2, 0, 0, 0, 1, 1, 2, 1, 2, 1, 1, 2, 0, 1, 1]] in (10.8718979359 build, 0.0697948932648 solve): 10.9416928291 total time. Was Solved: False. Used 200 examples.

Trial 3: [[2, 0, 1, 2, 0, 2, 1, 2, 2, 0, 0, 0, 1, 2, 0], [1, 1, 0, 0, 2, 0, 0, 2, 2, 2, 1, 2, 0, 0, 1], [1, 1, 1, 0, 2, 2, 1, 0, 2, 0, 1, 1, 0, 2, 0]] with 2500 samples
CEGIS got [[2, 0, 1, 2, 0, 2, 1, 2, 2, 0, 0, 0, 1, 2, 0], [1, 1, 0, 0, 2, 0, 0, 2, 2, 2, 1, 2, 0, 0, 1], [1, 1, 1, 0, 2, 2, 1, 0, 2, 0, 1, 1, 0, 2, 0]] in (3.65121412277 build, 1.02069020271 solve): 4.67190432549 total time. Was Solved: True. Used 69 examples.
Oracle got [[2, 0, 1, 2, 0, 2, 1, 2, 2, 0, 0, 0, 1, 2, 0], [1, 1, 0, 0, 2, 0, 0, 2, 0, 2, 1, 2, 0, 0, 1], [1, 1, 1, 0, 2, 2, 0, 0, 2, 0, 1, 1, 0, 2, 1]] in (3.52326393127 build, 0.0620169639587 solve): 3.58528089523 total time. Was Solved: False. Used 69 examples.
Add50 got [[1, 2, 2, 2, 2, 1, 1, 2, 2, 0, 1, 2, 0, 1, 0], [0, 0, 0, 1, 1, 2, 0, 0, 2, 1, 0, 1, 1, 0, 0], [0, 0, 2, 1, 0, 2, 1, 1, 1, 1, 2, 0, 0, 2, 1]] in (2.44856405258 build, 0.0284230709076 solve): 2.47698712349 total time. Was Solved: False. Used 50 examples.
Add200 got [[2, 0, 1, 2, 0, 2, 1, 2, 2, 0, 0, 0, 1, 2, 0], [1, 1, 0, 1, 2, 0, 0, 2, 2, 2, 1, 2, 1, 1, 1], [1, 1, 1, 0, 2, 2, 1, 0, 2, 0, 1, 1, 0, 2, 1]] in (9.94388890266 build, 0.0681209564209 solve): 10.0120098591 total time. Was Solved: False. Used 200 examples.

Trial 4: [[2, 2, 0, 2, 2, 1, 1, 0, 0, 0, 2, 1, 1, 1, 1], [2, 1, 2, 2, 1, 1, 2, 2, 0, 0, 1, 1, 0, 1, 0], [1, 0, 1, 2, 1, 0, 2, 0, 0, 2, 0, 0, 0, 1, 0]] with 2500 samples
CEGIS got [[2, 2, 0, 2, 2, 1, 1, 0, 0, 0, 2, 1, 1, 1, 1], [2, 1, 2, 2, 1, 1, 2, 2, 0, 0, 1, 1, 0, 1, 0], [1, 0, 1, 2, 1, 0, 2, 0, 0, 2, 0, 0, 0, 1, 0]] in (3.5569896698 build, 1.1977455616 solve): 4.7547352314 total time. Was Solved: True. Used 70 examples.
Oracle got [[2, 2, 0, 2, 2, 1, 1, 0, 0, 0, 2, 1, 1, 1, 1], [2, 1, 2, 2, 1, 1, 2, 2, 0, 0, 1, 1, 0, 1, 1], [1, 0, 1, 2, 1, 0, 2, 0, 0, 2, 0, 0, 0, 0, 0]] in (3.43839979172 build, 0.100908994675 solve): 3.53930878639 total time. Was Solved: False. Used 70 examples.
Add50 got [[2, 0, 0, 1, 2, 0, 2, 0, 0, 0, 2, 2, 1, 1, 1], [0, 2, 1, 2, 0, 1, 1, 2, 1, 1, 1, 1, 0, 0, 1], [1, 2, 2, 0, 1, 0, 2, 2, 0, 2, 1, 0, 1, 1, 0]] in (2.50793290138 build, 0.0493948459625 solve): 2.55732774734 total time. Was Solved: False. Used 50 examples.
Add200 got [[2, 2, 0, 2, 2, 1, 1, 0, 0, 0, 2, 1, 1, 1, 1], [2, 1, 2, 2, 1, 1, 2, 2, 0, 0, 1, 0, 0, 1, 0], [0, 1, 1, 2, 1, 0, 2, 0, 0, 2, 0, 0, 0, 1, 0]] in (10.008138895 build, 0.0624217987061 solve): 10.0705606937 total time. Was Solved: False. Used 200 examples.

Trial 5: [[0, 2, 2, 0, 0, 1, 2, 0, 2, 2, 0, 1, 0, 0, 2], [2, 0, 2, 2, 2, 2, 0, 2, 2, 2, 0, 2, 2, 2, 0], [0, 0, 0, 1, 2, 0, 0, 1, 2, 0, 1, 0, 1, 0, 0]] with 2500 samples
CEGIS got [[0, 2, 2, 0, 0, 1, 2, 0, 2, 2, 0, 1, 0, 0, 2], [2, 0, 2, 2, 2, 2, 0, 2, 2, 2, 0, 2, 2, 2, 0], [0, 0, 0, 1, 2, 0, 0, 1, 2, 0, 1, 0, 1, 0, 0]] in (4.01402068138 build, 1.31380724907 solve): 5.32782793045 total time. Was Solved: True. Used 76 examples.
Oracle got [[0, 2, 2, 0, 0, 1, 2, 0, 2, 2, 0, 1, 1, 0, 2], [0, 0, 2, 2, 2, 2, 1, 2, 2, 2, 0, 2, 2, 2, 1], [0, 0, 0, 1, 2, 0, 0, 1, 2, 0, 1, 0, 1, 0, 0]] in (3.82399702072 build, 0.052344083786 solve): 3.87634110451 total time. Was Solved: False. Used 76 examples.
Add50 got [[2, 0, 0, 0, 2, 2, 1, 1, 2, 0, 1, 1, 0, 2, 1], [1, 2, 2, 1, 1, 0, 1, 0, 0, 2, 0, 1, 2, 1, 1], [2, 0, 2, 1, 2, 2, 2, 1, 2, 2, 0, 0, 1, 1, 0]] in (2.57442092896 build, 0.0327360630035 solve): 2.60715699196 total time. Was Solved: False. Used 50 examples.
Add200 got [[0, 2, 2, 0, 0, 1, 2, 0, 2, 2, 0, 1, 0, 0, 2], [2, 0, 2, 2, 2, 2, 0, 2, 2, 2, 1, 2, 2, 2, 0], [0, 0, 0, 1, 2, 0, 0, 1, 2, 0, 1, 0, 1, 0, 0]] in (9.78764390945 build, 0.0509750843048 solve): 9.83861899376 total time. Was Solved: False. Used 200 examples.
