Trial 1: [[1, 1, 0, 1, 1, 1, 0, 0, 1, 0, 0, 1, 0, 1, 1, 1, 1, 1, 1, 0], [1, 1, 1, 0, 1, 1, 0, 1, 1, 0, 1, 1, 0, 0, 1, 1, 0, 1, 1, 1]] with 2500 samples
CEGIS got [[1, 1, 0, 1, 1, 1, 0, 0, 1, 0, 0, 1, 0, 1, 1, 1, 1, 1, 1, 0], [1, 1, 1, 0, 1, 1, 0, 1, 1, 0, 1, 1, 0, 0, 1, 1, 0, 1, 1, 1]] in (0.790228843689 build, 0.131987810135 solve): 0.922216653824 total time. Was Solved: True. Used 29 examples.
Oracle got [[1, 1, 0, 1, 1, 1, 0, 0, 1, 0, 0, 1, 0, 1, 1, 1, 1, 0, 1, 0], [1, 1, 1, 0, 1, 1, 0, 1, 0, 0, 1, 1, 0, 0, 1, 1, 0, 1, 1, 1]] in (0.760223865509 build, 0.0135600566864 solve): 0.773783922195 total time. Was Solved: False. Used 29 examples.
Add50 got [[1, 1, 0, 1, 0, 1, 0, 1, 1, 0, 0, 1, 0, 1, 1, 1, 1, 1, 1, 0], [0, 1, 1, 0, 1, 1, 0, 0, 1, 0, 1, 1, 0, 0, 0, 1, 0, 1, 1, 1]] in (1.31935691833 build, 0.0136539936066 solve): 1.33301091194 total time. Was Solved: False. Used 50 examples.
Add200 got [[1, 1, 0, 1, 1, 1, 0, 0, 1, 0, 0, 1, 0, 1, 1, 1, 1, 1, 1, 0], [1, 1, 1, 0, 1, 1, 0, 1, 1, 0, 1, 1, 0, 0, 1, 1, 0, 1, 1, 1]] in (5.16814613342 build, 0.0219008922577 solve): 5.19004702568 total time. Was Solved: True. Used 200 examples.

Trial 2: [[1, 0, 0, 0, 0, 0, 0, 0, 1, 1, 0, 1, 1, 1, 1, 1, 1, 1, 0, 0], [0, 1, 0, 0, 0, 0, 1, 1, 0, 0, 1, 0, 0, 1, 0, 1, 1, 0, 1, 1]] with 2500 samples
CEGIS got [[1, 0, 0, 0, 0, 0, 0, 0, 1, 1, 0, 1, 1, 1, 1, 1, 1, 1, 0, 0], [0, 1, 0, 0, 0, 0, 1, 1, 0, 0, 1, 0, 0, 1, 0, 1, 1, 0, 1, 1]] in (0.720329999924 build, 0.120200634003 solve): 0.840530633926 total time. Was Solved: True. Used 27 examples.
Oracle got [[1, 1, 0, 0, 0, 0, 0, 0, 1, 1, 0, 1, 0, 1, 1, 1, 1, 1, 0, 0], [0, 1, 0, 0, 0, 0, 1, 1, 0, 0, 1, 0, 0, 1, 0, 1, 1, 0, 1, 1]] in (0.705804109573 build, 0.014034986496 solve): 0.719839096069 total time. Was Solved: False. Used 27 examples.
Add50 got [[1, 0, 0, 0, 0, 0, 0, 0, 1, 1, 0, 1, 1, 1, 1, 1, 1, 1, 0, 0], [0, 1, 0, 0, 0, 0, 1, 1, 0, 0, 1, 0, 0, 0, 0, 1, 0, 0, 0, 1]] in (1.30306720734 build, 0.0143718719482 solve): 1.31743907928 total time. Was Solved: False. Used 50 examples.
Add200 got [[1, 0, 0, 0, 0, 0, 0, 0, 1, 1, 0, 1, 1, 1, 1, 1, 1, 1, 0, 0], [0, 1, 0, 0, 0, 0, 1, 1, 0, 0, 1, 0, 0, 1, 0, 1, 1, 0, 1, 1]] in (5.28018593788 build, 0.0227818489075 solve): 5.30296778679 total time. Was Solved: True. Used 200 examples.

Trial 3: [[1, 0, 0, 0, 0, 0, 1, 0, 0, 0, 1, 1, 0, 1, 0, 1, 1, 1, 0, 0], [1, 0, 0, 0, 0, 0, 0, 0, 0, 0, 1, 1, 0, 0, 0, 1, 1, 0, 1, 0]] with 2500 samples
CEGIS got [[1, 0, 0, 0, 0, 0, 1, 0, 0, 0, 1, 1, 0, 1, 0, 1, 1, 1, 0, 0], [1, 0, 0, 0, 0, 0, 0, 0, 0, 0, 1, 1, 0, 0, 0, 1, 1, 0, 1, 0]] in (0.697975635529 build, 0.121757745743 solve): 0.819733381271 total time. Was Solved: True. Used 26 examples.
Oracle got [[1, 0, 0, 0, 0, 0, 1, 1, 0, 0, 1, 1, 0, 1, 1, 1, 0, 1, 0, 0], [1, 0, 0, 0, 0, 0, 0, 0, 0, 0, 1, 0, 0, 0, 0, 1, 1, 0, 1, 0]] in (0.677438020706 build, 0.0127317905426 solve): 0.690169811249 total time. Was Solved: False. Used 26 examples.
Add50 got [[1, 0, 0, 0, 0, 0, 1, 0, 0, 1, 1, 1, 1, 1, 0, 1, 1, 1, 1, 1], [1, 0, 0, 0, 0, 0, 0, 0, 0, 0, 0, 0, 0, 0, 0, 1, 1, 1, 1, 0]] in (1.32740902901 build, 0.0146579742432 solve): 1.34206700325 total time. Was Solved: False. Used 50 examples.
Add200 got [[1, 0, 0, 0, 0, 0, 1, 0, 0, 0, 1, 1, 0, 1, 0, 1, 1, 1, 0, 0], [1, 0, 0, 0, 0, 0, 0, 0, 0, 0, 1, 1, 0, 0, 0, 1, 1, 0, 1, 0]] in (5.2036280632 build, 0.022047996521 solve): 5.22567605972 total time. Was Solved: True. Used 200 examples.

Trial 4: [[0, 0, 0, 0, 1, 1, 0, 0, 0, 1, 1, 1, 0, 1, 0, 1, 0, 1, 0, 0], [1, 1, 0, 1, 1, 1, 1, 0, 1, 0, 0, 1, 1, 0, 0, 1, 1, 0, 0, 0]] with 2500 samples
CEGIS got [[0, 0, 0, 0, 1, 1, 0, 0, 0, 1, 1, 1, 0, 1, 0, 1, 0, 1, 0, 0], [1, 1, 0, 1, 1, 1, 1, 0, 1, 0, 0, 1, 1, 0, 0, 1, 1, 0, 0, 0]] in (0.759414196014 build, 0.126486778259 solve): 0.885900974274 total time. Was Solved: True. Used 28 examples.
Oracle got [[0, 0, 0, 0, 1, 1, 0, 0, 0, 1, 1, 1, 0, 1, 0, 1, 0, 1, 0, 0], [1, 1, 0, 1, 1, 0, 1, 0, 1, 0, 0, 1, 1, 0, 0, 1, 1, 0, 0, 0]] in (0.755333900452 build, 0.0131280422211 solve): 0.768461942673 total time. Was Solved: False. Used 28 examples.
Add50 got [[1, 0, 0, 0, 1, 0, 0, 0, 0, 1, 1, 1, 0, 1, 0, 1, 0, 1, 0, 1], [1, 1, 0, 1, 1, 1, 1, 0, 0, 0, 0, 1, 0, 1, 0, 1, 1, 1, 0, 0]] in (1.29926395416 build, 0.0147340297699 solve): 1.31399798393 total time. Was Solved: False. Used 50 examples.
Add200 got [[0, 0, 0, 0, 1, 1, 0, 0, 0, 1, 1, 1, 0, 1, 0, 1, 0, 1, 0, 0], [1, 1, 0, 1, 1, 1, 1, 0, 1, 0, 0, 1, 1, 0, 0, 1, 1, 0, 0, 0]] in (5.21384310722 build, 0.0217471122742 solve): 5.2355902195 total time. Was Solved: True. Used 200 examples.

Trial 5: [[0, 0, 1, 0, 0, 0, 1, 0, 0, 1, 0, 0, 0, 0, 1, 0, 1, 1, 0, 0], [0, 1, 1, 0, 0, 0, 0, 1, 1, 1, 1, 0, 0, 0, 0, 0, 0, 1, 1, 0]] with 2500 samples
CEGIS got [[0, 0, 1, 0, 0, 0, 1, 0, 0, 1, 0, 0, 0, 0, 1, 0, 1, 1, 0, 0], [0, 1, 1, 0, 0, 0, 0, 1, 1, 1, 1, 0, 0, 0, 0, 0, 0, 1, 1, 0]] in (0.670879602432 build, 0.110671281815 solve): 0.781550884247 total time. Was Solved: True. Used 25 examples.
Oracle got [[1, 0, 1, 0, 0, 0, 1, 0, 0, 1, 0, 0, 0, 0, 1, 0, 1, 0, 0, 0], [0, 1, 1, 0, 0, 0, 0, 1, 1, 1, 1, 0, 0, 0, 0, 0, 0, 1, 1, 0]] in (0.650490045547 build, 0.0120639801025 solve): 0.66255402565 total time. Was Solved: False. Used 25 examples.
Add50 got [[0, 0, 1, 0, 0, 0, 1, 0, 0, 1, 0, 1, 0, 0, 1, 0, 1, 1, 0, 0], [0, 0, 0, 0, 0, 0, 0, 1, 1, 0, 1, 0, 0, 0, 1, 0, 0, 0, 1, 0]] in (1.34654307365 build, 0.0140058994293 solve): 1.36054897308 total time. Was Solved: False. Used 50 examples.
Add200 got [[0, 0, 1, 0, 0, 0, 1, 0, 0, 1, 0, 0, 0, 0, 1, 0, 1, 1, 0, 0], [0, 1, 1, 0, 0, 0, 0, 1, 1, 1, 1, 0, 0, 0, 0, 0, 0, 1, 1, 0]] in (5.20995402336 build, 0.0221071243286 solve): 5.23206114769 total time. Was Solved: True. Used 200 examples.
