iteration  1000
random  
0.78,0.78215,0.78428,0.78668,0.78886,0.79084,0.79309,0.79515,0.7973,0.7997,0.80186,0.80404,0.80609,0.80813,0.81042,0.8126,0.8151,0.81718,0.81953,0.82203,0.8244,0.82685,0.82918,0.83144,0.83342,0.83562,0.83778,0.84003,0.84205,0.84417,0.84626,0.84823,0.85029,0.85259,0.8547,0.85687,0.85911,0.86144,0.86356,0.86568,0.86795,0.87012,0.87249,0.8747,0.877,0.87903,0.88111,0.88329,0.88524,0.88733,0.88955,0.89161,0.89387,0.89609,0.89835,0.90059,0.90252,0.90499,0.90726,0.90931,0.91143,0.91348,0.91585,0.91785,0.92022,0.92252,0.92473,0.92696,0.92918,0.93131,0.93345,0.9358,0.9379,0.94012,0.94221,0.9443,0.94661,0.94881,0.95108,0.95321,0.95553,0.95762,0.95994,0.96215,0.96438,0.96644,0.96897,0.97127,0.97347,0.9756,0.97778,0.98005,0.98217,0.98443,0.98657,0.98878,0.99126,0.99362,0.99571,0.99769,

sink  
0.78,0.78207,0.7851,0.78864,0.79267,0.7968,0.80076,0.80457,0.80858,0.81236,0.81629,0.82007,0.82387,0.82777,0.83146,0.83584,0.83985,0.84373,0.8477,0.85163,0.85571,0.85926,0.8629,0.86635,0.86994,0.87339,0.87677,0.88014,0.88352,0.88699,0.89062,0.89409,0.89739,0.90093,0.90435,0.90765,0.91096,0.91433,0.91774,0.92101,0.92405,0.92723,0.93025,0.9333,0.93642,0.93948,0.94223,0.94516,0.94779,0.95041,0.95309,0.95545,0.95798,0.96023,0.96219,0.96453,0.96666,0.96887,0.97099,0.973,0.97492,0.97655,0.97864,0.98023,0.98192,0.9833,0.98478,0.98604,0.98725,0.98849,0.98957,0.99067,0.99175,0.99249,0.99344,0.99411,0.9948,0.99543,0.996,0.99656,0.99707,0.99758,0.99799,0.99827,0.9985,0.99874,0.99902,0.99919,0.99934,0.9995,0.99963,0.99976,0.99987,0.99992,0.99994,0.99995,0.99997,0.99999,1.,1.,,

oc imply_0layer  i
0.78,0.78328,0.78826,0.79335,0.79849,0.80516,0.81109,0.81666,0.82219,0.82747,0.83287,0.83829,0.84263,0.84787,0.85206,0.85686,0.8616,0.86623,0.87073,0.87518,0.87933,0.88326,0.88733,0.89129,0.8952,0.89894,0.90245,0.9064,0.91007,0.91352,0.91704,0.92059,0.9243,0.92755,0.93099,0.93363,0.93643,0.93921,0.94202,0.94454,0.94711,0.94948,0.95152,0.95365,0.95556,0.95734,0.95898,0.96072,0.96248,0.96367,0.96506,0.96644,0.96789,0.96915,0.97004,0.97113,0.97203,0.97324,0.97419,0.97507,0.97605,0.9772,0.97778,0.97856,0.97916,0.97992,0.98065,0.98144,0.98231,0.98319,0.984,0.98485,0.98573,0.98668,0.98756,0.98838,0.98915,0.99011,0.99116,0.99191,0.99249,0.99327,0.9939,0.99435,0.99479,0.99526,0.99574,0.99623,0.99652,0.99678,0.99709,0.99731,0.99745,0.99761,0.99776,0.99786,0.99802,0.99808,0.99816,0.9982,

oc imply_1layer  
0.78,0.78348,0.7876,0.79225,0.79727,0.80274,0.80867,0.81434,0.82055,0.82539,0.83185,0.83673,0.84147,0.84633,0.85144,0.85623,0.86125,0.86577,0.8703,0.87532,0.88024,0.88495,0.8896,0.89428,0.8986,0.90288,0.90712,0.9115,0.91563,0.91975,0.92363,0.92713,0.93087,0.93445,0.93808,0.94166,0.94509,0.94838,0.95145,0.95455,0.95795,0.9613,0.964,0.96669,0.96915,0.9717,0.97389,0.97602,0.97818,0.97995,0.9817,0.98359,0.98531,0.98686,0.98829,0.98944,0.9908,0.99196,0.99308,0.99419,0.99501,0.99568,0.99615,0.99669,0.9971,0.99747,0.9978,0.99803,0.9983,0.99856,0.99871,0.99885,0.99885,0.99894,0.99901,0.99902,0.99902,0.99903,0.999,0.99895,0.99891,0.99896,0.99892,0.99891,0.99888,0.99884,0.99885,0.99882,0.99879,0.99877,0.99874,0.99865,0.99862,0.99869,0.99863,0.99861,0.99858,0.99863,0.99867,0.99871,

oc imply_cnnlayer  
0.78,0.78342,0.7874,0.79256,0.79821,0.80532,0.81167,0.81679,0.82202,0.82791,0.83391,0.83899,0.84429,0.84915,0.85434,0.85915,0.86405,0.86864,0.8739,0.87902,0.8837,0.88878,0.89284,0.89727,0.90179,0.90587,0.9102,0.91427,0.91811,0.92242,0.92621,0.92986,0.93336,0.93669,0.94039,0.94361,0.94711,0.95022,0.95311,0.95589,0.9587,0.96121,0.96366,0.9662,0.96852,0.97062,0.97284,0.9747,0.97638,0.97819,0.97989,0.98148,0.98275,0.98399,0.98518,0.98638,0.98753,0.98862,0.98954,0.99035,0.9911,0.99193,0.99256,0.99305,0.99352,0.99383,0.99426,0.99463,0.99492,0.99518,0.99548,0.99563,0.99598,0.9962,0.99641,0.99646,0.99654,0.99656,0.99671,0.99671,0.99676,0.99681,0.99691,0.99693,0.99705,0.99705,0.9971,0.99715,0.99731,0.99725,0.99731,0.9973,0.99721,0.99724,0.99714,0.99718,0.99716,0.99719,0.99724,0.99724,
