random  

0.72288,0.72652,0.72541,0.72667,0.72736,0.72785,0.73024,0.73194,0.73092,0.73146,0.73268,0.73532,0.73604,0.73597,0.73813,0.73783,0.73903,0.73962,0.74053,0.74166,0.74377,0.74615,0.74675,0.74819,0.74817,0.74971,0.75148,0.74969,0.74986,0.7531,0.75371,0.75358,0.75632,0.75594,0.75802,0.75714,0.75858,0.76092,0.76034,0.76402,0.76361,0.76346,0.76476,0.76497,0.76603,0.76536,0.76752,0.76856,0.77045,0.76995,0.77229,0.77352,0.77447,0.7772,0.7773,0.77767,0.77935,0.77951,0.78073,0.78205,0.78259,0.78432,0.78451,0.78705,0.78567,0.78731,0.7889,0.7886,0.78822,0.79105,0.79077,0.7921,0.7925,0.79441,0.79331,0.79665,0.79702,0.79805,0.79929,0.8003,0.80229,0.80217,0.80341,0.80316,0.80547,0.80607,0.80822,0.80716,0.80938,0.81085,0.80969,0.81156,0.81342,0.81518,0.81379,0.81555,0.81567,0.81738,0.81999,0.82043,

sink  

0.7243,0.72533,0.72685,0.72978,0.73062,0.7326,0.73584,0.73614,0.73809,0.73997,0.74359,0.74526,0.74714,0.74923,0.75165,0.75546,0.75636,0.75804,0.76011,0.76498,0.76446,0.76503,0.76676,0.77051,0.77378,0.77345,0.77625,0.77819,0.78019,0.7823,0.78272,0.7858,0.78829,0.78981,0.79055,0.79295,0.79727,0.79578,0.79859,0.79768,0.80185,0.80276,0.80438,0.806,0.80767,0.80927,0.81037,0.81284,0.81318,0.81469,0.81587,0.81398,0.81802,0.81949,0.8202,0.82032,0.8213,0.82328,0.82385,0.82661,0.82485,0.82518,0.82633,0.82601,0.82576,0.82798,0.82823,0.82723,0.82783,0.82908,0.82884,0.82953,0.8295,0.83008,0.8288,0.82919,0.82703,0.82987,0.83015,0.82935,0.83067,0.82831,0.82934,0.82876,0.82874,0.82954,0.82876,0.82784,0.82605,0.8263,0.8258,0.8248,0.82337,0.82521,0.82317,0.82082,0.82088,0.82096,0.82001,0.82136,

oc imply_0layer  

0.72289,0.72702,0.72598,0.73083,0.73436,0.73729,0.73957,0.74201,,0.74621,0.74882,0.75217,0.75594,0.75781,0.76129,0.76312,0.76586,,0.77029,0.77221,0.77466,0.77469,0.77921,0.78231,0.78459,0.7862,,0.79023,0.79083,0.7941,0.79561,0.79919,0.80004,0.80107,0.80453,,0.80639,0.80735,0.81043,0.81043,0.81463,0.81803,0.81982,0.82164,,0.822,0.82404,0.82498,0.82721,0.82912,0.83036,0.83054,0.83182,,0.83454,0.83584,0.83866,0.83861,0.8394,0.83924,0.84197,0.84179,,0.84206,0.84288,0.84517,0.84467,0.84643,0.84695,0.84612,0.84725,,0.84747,0.84747,0.84784,0.84902,0.84877,0.85028,0.84859,0.85018,,0.85054,0.85151,0.85081,0.85142,0.85031,0.84936,0.85185,0.84952,,0.85176,0.85071,0.85288,0.85189,0.85161,0.85185,0.85043,0.85183,,0.8522,0.85163,0.84992,0.85267,0.85015,0.85126,0.8515,0.85155,,0.85082,0.84989,0.85179,0.85327,

oc imply_1layer  

0.72405,0.72634,0.7268,0.72926,0.73437,0.73463,0.73871,0.74053,0.74723,0.74911,0.75303,0.75497,0.75815,0.75971,0.76357,0.7644,0.76806,0.77091,0.77402,0.77651,0.77864,0.77878,0.78206,0.78699,0.78703,0.78929,0.79098,0.79427,0.79716,0.79818,0.80153,0.80271,0.80255,0.80516,0.8065,0.81069,0.81237,0.81474,0.81537,0.81679,0.82078,0.82363,0.82277,0.82401,0.82759,0.82831,0.82944,0.82893,0.83291,0.83191,0.83346,0.83608,0.83581,0.83554,0.83635,0.83919,0.83907,0.84156,0.842,0.84322,0.84382,0.84483,0.8447,0.84577,0.84611,0.84661,0.84668,0.84807,0.84684,0.8479,0.84719,0.84889,0.8483,0.84788,0.84883,0.84852,0.8497,0.85007,0.84881,0.84821,0.84944,0.84959,0.84824,0.84972,0.85087,0.85076,0.84763,0.84832,0.85008,0.85006,0.84837,0.85024,0.84765,0.84958,0.85015,0.84962,0.84843,0.85048,0.84954,0.84783,


oc imply_cnnlayer  
0.72361,0.72649,0.72772,0.72982,0.73307,0.73529,0.73964,0.74329,0.74787,0.7494,0.75286,0.75372,0.75979,0.75996,0.7636,0.7674,0.76963,0.76978,0.77528,0.77571,0.77693,0.78028,0.7831,0.78483,0.78795,0.78731,0.79301,0.79591,0.79533,0.79804,0.80073,0.80207,0.80477,0.80368,0.80871,0.81059,0.81208,0.81311,0.8147,0.8169,0.81776,0.81968,0.82245,0.82402,0.82582,0.82594,0.82912,0.82832,0.82942,0.83027,0.83226,0.83319,0.8358,0.83547,0.83776,0.83848,0.83832,0.83937,0.83939,0.84096,0.84191,0.84176,0.8433,0.84315,0.84293,0.843,0.84458,0.84305,0.84514,0.84652,0.84595,0.84453,0.8451,0.84856,0.84682,0.84637,0.84733,0.84649,0.84573,0.84575,0.84501,0.84684,0.84494,0.84676,0.84468,0.84625,0.84732,0.84587,0.84534,0.84526,0.84457,0.84625,0.84555,0.84656,0.84489,0.84552,0.84577,0.84726,0.84633,0.84668,
