random  [ 0.78        0.78219219  0.78472472  0.78681682  0.78908909  0.7913013
  0.7934034   0.79563564  0.79796797  0.80008008  0.8022022   0.80451451
  0.80670671  0.8087988   0.81091091  0.81316316  0.81524525  0.81734735
  0.81948949  0.82157157  0.82371371  0.82607608  0.82830831  0.83057057
  0.8329029   0.83505506  0.83710711  0.83918919  0.84143143  0.84379379
  0.84593594  0.84816817  0.85049049  0.85317317  0.85562563  0.85784785
  0.86008008  0.86205205  0.86437437  0.86642643  0.86887888  0.87088088
  0.87292292  0.87520521  0.87750751  0.87973974  0.8818018   0.88422422
  0.8862963   0.88850851  0.89097097  0.89323323  0.8954955   0.89746747
  0.89952953  0.90159159  0.90365365  0.90578579  0.90801802  0.91014014
  0.91217217  0.91417417  0.91622623  0.91875876  0.921001    0.92318318
  0.92555556  0.92786787  0.93003003  0.93228228  0.93446446  0.93674675
  0.93884885  0.94118118  0.94339339  0.94531532  0.94740741  0.94955956
  0.95175175  0.9538038   0.95605606  0.95811812  0.96019019  0.96208208
  0.96437437  0.9665966   0.96898899  0.97133133  0.97352352  0.97570571
  0.97801802  0.98028028  0.98259259  0.98461461  0.98684685  0.98900901
  0.99126126  0.99359359  0.99572573  0.99774775]
sink  [ 0.78        0.78225225  0.78507508  0.78866867  0.79271271  0.79662663
  0.80094094  0.80496496  0.80905906  0.81303303  0.816997    0.82082082
  0.82462462  0.82867868  0.83262262  0.83662663  0.84061061  0.84426426
  0.84813814  0.85186186  0.85576577  0.85935936  0.86309309  0.86691692
  0.87086086  0.87438438  0.87793794  0.88151151  0.88485485  0.88825826
  0.89162162  0.89511512  0.89861862  0.90203203  0.90542543  0.90857858
  0.91189189  0.91517518  0.91855856  0.92156156  0.92485485  0.9278979
  0.93104104  0.93383383  0.93682683  0.93994995  0.94287287  0.94551552
  0.94840841  0.95096096  0.95369369  0.95614615  0.9588989   0.96118118
  0.96349349  0.96594595  0.9680981   0.97028028  0.97247247  0.97442442
  0.97640641  0.97823824  0.97996997  0.9816016   0.98308308  0.98469469
  0.98625626  0.98772773  0.98871872  0.98980981  0.99091091  0.99195195
  0.99282282  0.99366366  0.99451451  0.9950951   0.99574575  0.99630631
  0.9968969   0.99743744  0.99786787  0.99822823  0.99864865  0.99887888
  0.9990991   0.9992993   0.99942943  0.99954955  0.99964965  0.99971972
  0.99976977  0.9997998   0.99982983  0.99985986  0.99988989  0.99990991
  0.99994995  0.99997998  1.          1.        ]
greedy  [ 0.78        0.78412412  0.7882983   0.79268268  0.79758759  0.80181181
  0.80766767  0.81394394  0.82022022  0.82615616  0.83139139  0.83653654
  0.84106106  0.84577578  0.84995996  0.85498498  0.85908909  0.86376376
  0.86800801  0.87241241  0.87681682  0.88105105  0.88555556  0.88971972
  0.89397397  0.897998    0.90194194  0.905996    0.91004004  0.91386386
  0.91788789  0.92171171  0.92541542  0.92904905  0.93274274  0.93628629
  0.93998999  0.94347347  0.94697698  0.9503003   0.95354354  0.95696697
  0.96019019  0.96325325  0.96584585  0.96858859  0.97124124  0.97374374
  0.97614615  0.97833834  0.98031031  0.98235235  0.98408408  0.98571572
  0.98706707  0.98845846  0.98993994  0.99132132  0.99252252  0.99359359
  0.99456456  0.99534535  0.9958959   0.99638639  0.99681682  0.99731732
  0.99767768  0.99795796  0.99808809  0.9982983   0.99845846  0.99862863
  0.99871872  0.99874875  0.99874875  0.99878879  0.99878879  0.99874875
  0.99873874  0.99871872  0.99872873  0.99875876  0.99873874  0.99872873
  0.99877878  0.99872873  0.99873874  0.99868869  0.99868869  0.99863864
  0.9985986   0.99852853  0.99853854  0.99850851  0.9984985   0.9984985
  0.99852853  0.99853854  0.99845846  0.99851852]
oc  [ 0.78        0.78412412  0.78813814  0.7934034   0.79921922  0.80526527
  0.81127127  0.81661662  0.82196196  0.82797798  0.83314314  0.83797798
  0.84349349  0.84846847  0.85346346  0.85853854  0.86352352  0.86783784
  0.87301301  0.87793794  0.88214214  0.88686687  0.89113113  0.89560561
  0.8995996   0.90362362  0.90755756  0.91137137  0.91532533  0.91960961
  0.92325325  0.92716717  0.93122122  0.93473473  0.93837838  0.94223223
  0.94575576  0.94910911  0.95211211  0.95498498  0.95787788  0.96067067
  0.96327327  0.9658959   0.96836837  0.9708008   0.97311311  0.97545546
  0.97753754  0.97941942  0.98136136  0.98322322  0.98499499  0.98655656
  0.98815816  0.98956957  0.99101101  0.99227227  0.99322322  0.99387387
  0.99465465  0.9951952   0.99587588  0.9964965   0.99697698  0.99730731
  0.99760761  0.99790791  0.99828829  0.99851852  0.99856857  0.99860861
  0.99866867  0.99866867  0.99873874  0.99868869  0.99865866  0.99864865
  0.9986987   0.99873874  0.99872873  0.99876877  0.99876877  0.99874875
  0.99873874  0.99870871  0.99867868  0.99863864  0.99858859  0.99856857
  0.99860861  0.99854855  0.99854855  0.99852853  0.9984985   0.99850851
  0.9984985   0.99848849  0.99844845  0.9984985 ]



random  
0.78,0.78219219,0.78472472,0.78681682,0.78908909,0.7913013,0.7934034,0.79563564,0.79796797,0.80008008,0.8022022,0.80451451,0.80670671,0.8087988,0.81091091,0.81316316,0.81524525,0.81734735,0.81948949,0.82157157,0.82371371,0.82607608,0.82830831,0.83057057,0.8329029,0.83505506,0.83710711,0.83918919,0.84143143,0.84379379,0.84593594,0.84816817,0.85049049,0.85317317,0.85562563,0.85784785,0.86008008,0.86205205,0.86437437,0.86642643,0.86887888,0.87088088,0.87292292,0.87520521,0.87750751,0.87973974,0.8818018,0.88422422,0.8862963,0.88850851,0.89097097,0.89323323,0.8954955,0.89746747,0.89952953,0.90159159,0.90365365,0.90578579,0.90801802,0.91014014,0.91217217,0.91417417,0.91622623,0.91875876,0.921001,0.92318318,0.92555556,0.92786787,0.93003003,0.93228228,0.93446446,0.93674675,0.93884885,0.94118118,0.94339339,0.94531532,0.94740741,0.94955956,0.95175175,0.9538038,0.95605606,0.95811812,0.96019019,0.96208208,0.96437437,0.9665966,0.96898899,0.97133133,0.97352352,0.97570571,0.97801802,0.98028028,0.98259259,0.98461461,0.98684685,0.98900901,0.99126126,0.99359359,0.99572573,0.99774775,

sink  
0.78,0.78225225,0.78507508,0.78866867,0.79271271,0.79662663,0.80094094,0.80496496,0.80905906,0.81303303,0.816997,0.82082082,0.82462462,0.82867868,0.83262262,0.83662663,0.84061061,0.84426426,0.84813814,0.85186186,0.85576577,0.85935936,0.86309309,0.86691692,0.87086086,0.87438438,0.87793794,0.88151151,0.88485485,0.88825826,0.89162162,0.89511512,0.89861862,0.90203203,0.90542543,0.90857858,0.91189189,0.91517518,0.91855856,0.92156156,0.92485485,0.9278979,0.93104104,0.93383383,0.93682683,0.93994995,0.94287287,0.94551552,0.94840841,0.95096096,0.95369369,0.95614615,0.9588989,0.96118118,0.96349349,0.96594595,0.9680981,0.97028028,0.97247247,0.97442442,0.97640641,0.97823824,0.97996997,0.9816016,0.98308308,0.98469469,0.98625626,0.98772773,0.98871872,0.98980981,0.99091091,0.99195195,0.99282282,0.99366366,0.99451451,0.9950951,0.99574575,0.99630631,0.9968969,0.99743744,0.99786787,0.99822823,0.99864865,0.99887888,0.9990991,0.9992993,0.99942943,0.99954955,0.99964965,0.99971972,0.99976977,0.9997998,0.99982983,0.99985986,0.99988989,0.99990991,0.99994995,0.99997998,1.,1.,

greedy  
0.78,0.78412412,0.7882983,0.79268268,0.79758759,0.80181181,0.80766767,0.81394394,0.82022022,0.82615616,0.83139139,0.83653654,0.84106106,0.84577578,0.84995996,0.85498498,0.85908909,0.86376376,0.86800801,0.87241241,0.87681682,0.88105105,0.88555556,0.88971972,0.89397397,0.897998,0.90194194,0.905996,0.91004004,0.91386386,0.91788789,0.92171171,0.92541542,0.92904905,0.93274274,0.93628629,0.93998999,0.94347347,0.94697698,0.9503003,0.95354354,0.95696697,0.96019019,0.96325325,0.96584585,0.96858859,0.97124124,0.97374374,0.97614615,0.97833834,0.98031031,0.98235235,0.98408408,0.98571572,0.98706707,0.98845846,0.98993994,0.99132132,0.99252252,0.99359359,0.99456456,0.99534535,0.9958959,0.99638639,0.99681682,0.99731732,0.99767768,0.99795796,0.99808809,0.9982983,0.99845846,0.99862863,0.99871872,0.99874875,0.99874875,0.99878879,0.99878879,0.99874875,0.99873874,0.99871872,0.99872873,0.99875876,0.99873874,0.99872873,0.99877878,0.99872873,0.99873874,0.99868869,0.99868869,0.99863864,0.9985986,0.99852853,0.99853854,0.99850851,0.9984985,0.9984985,0.99852853,0.99853854,0.99845846,0.99851852],


oc  
0.78,0.78412412,0.78813814,0.7934034,0.79921922,0.80526527,0.81127127,0.81661662,0.82196196,0.82797798,0.83314314,0.83797798,0.84349349,0.84846847,0.85346346,0.85853854,0.86352352,0.86783784,0.87301301,0.87793794,0.88214214,0.88686687,0.89113113,0.89560561,0.8995996,0.90362362,0.90755756,0.91137137,0.91532533,0.91960961,0.92325325,0.92716717,0.93122122,0.93473473,0.93837838,0.94223223,0.94575576,0.94910911,0.95211211,0.95498498,0.95787788,0.96067067,0.96327327,0.9658959,0.96836837,0.9708008,0.97311311,0.97545546,0.97753754,0.97941942,0.98136136,0.98322322,0.98499499,0.98655656,0.98815816,0.98956957,0.99101101,0.99227227,0.99322322,0.99387387,0.99465465,0.9951952,0.99587588,0.9964965,0.99697698,0.99730731,0.99760761,0.99790791,0.99828829,0.99851852,0.99856857,0.99860861,0.99866867,0.99866867,0.99873874,0.99868869,0.99865866,0.99864865,0.9986987,0.99873874,0.99872873,0.99876877,0.99876877,0.99874875,0.99873874,0.99870871,0.99867868,0.99863864,0.99858859,0.99856857,0.99860861,0.99854855,0.99854855,0.99852853,0.9984985,0.99850851,0.9984985,0.99848849,0.99844845,0.9984985,],,
