3
21
34
11
2
15
4
8
10
9
3
11
7
29
8
9
15
11
7
13
5
3
14
10
12
12
21
5
7
15
7
13
5
3
10
10
4
10
6
9
9
11
11
8
2
6
12
6
36
16
11
8
6
7
4
15
20
10
9
8
8
10
5
3
7
11
10
14
3
7
16
10
5
17
6
9
21
12
22
13
3
50
6
3
8
6
9
16
4
7
15
32
5
8
4
8
12
14
5
11
7
11
9
26
26
2
7
10
8
12
11
5
11
6
6
6
3
7
16
9
7
7
12
22
2
27
10
6
2
4
10
3
2
6
2
10
8
23
6
8
24
13
5
7
13
22
6
3
2
12
4
10
6
13
12
26
5
5
3
5
2
3
6
6
9
27
16
7
2
5
6
9
17
3
13
6
10
7
17
29
5
6
21
3
20
5
5
5
7
3
12
20
2
5
12
16
10
14
9
8
14
8
22
5
7
10
10
18
14
8
9
29
11
9
4
6
3
6
9
13
7
9
8
9
11
7
18
5
9
13
7
7
29
7
12
12
10
12
3
17
23
8
2
3
6
7
10
11
15
10
36
4
6
11
7
12
3
9
6
16
2
6
26
17
9
5
24
10
4
5
41
42
3
6
10
14
16
14
19
9
5
5
16
9
3
10
26
14
17
9
3
9
4
9
6
16
9
5
6
9
14
22
2
6
3
2
14
22
16
5
5
10
11
13
52
8
6
4
5
3
13
21
5
10
5
8
11
6
11
18
3
10
23
9
7
26
10
16
10
7
7
4
6
7
6
8
16
2
11
9
7
13
9
14
4
10
7
5
6
25
4
5
8
10
3
28
11
11
9
17
9
5
5
30
6
4
9
15
8
4
8
6
10
4
5
8
3
14
10
16
3
10
11
11
2
6
13
5
2
2
6
7
9
1
8
17
14
7
6
11
9
15
7
11
12
15
12
5
24
3
7
19
24
3
7
4
6
10
12
14
10
17
9
8
7
4
16
12
6
8
3
9
5
10
19
12
13
20
4
6
5
19
3
14
5
12
7
9
10
18
5
15
7
14
2
51
10
8
11
8
8
5
5
7
6
4
5
14
4
13
8
6
24
8
5
3
6
6
8
4
16
13
7
7
4
25
8
5
11
14
12
5
21
3
13
37
12
11
11
7
12
18
17
5
9
36
9
23
11
4
34
2
7
9
2
3
6
7
8
22
11
7
26
4
3
7
11
7
10
32
2
7
14
11
4
21
14
12
8
4
2
6
9
4
6
16
3
5
11
12
14
2
17
4
8
3
8
10
5
12
17
10
5
6
3
10
19
10
3
6
7
12
11
9
2
13
15
7
5
13
8
4
26
5
12
22
7
6
18
5
18
14
6
16
10
3
4
18
15
14
16
16
10
9
17
7
5
7
2
10
8
7
9
3
19
12
11
10
37
6
3
7
10
8
17
14
7
44
5
7
20
32
6
17
19
5
7
2
4
8
18
10
6
35
21
29
8
6
9
14
6
5
9
7
99
9
11
16
10
9
24
6
6
7
8
13
8
15
9
3
5
3
9
6
6
4
3
11
11
5
6
13
14
47
11
8
4
17
26
8
5
6
3
16
7
11
21
8
21
2
4
13
4
6
21
9
13
5
9
13
2
12
9
20
3
13
10
4
2
3
17
11
7
5
10
13
6
9
6
4
3
3
6
8
23
5
23
7
9
8
7
15
7
39
6
21
3
15
7
4
4
5
8
7
5
3
7
10
7
7
5
37
4
4
12
8
12
16
15
15
4
52
17
6
8
9
3
14
12
15
9
8
4
13
10
3
11
11
18
2
6
15
9
5
5
10
3
2
6
10
9
7
3
17
8
6
9
2
4
2
27
13
7
6
9
3
9
6
11
11
11
12
12
8
18
14
5
10
4
19
14
18
4
9
8
4
17
6
3
4
10
27
7
2
6
19
17
7
10
5
4
11
11
6
19
12
18
30
17
9
4
5
10
10
4
11
9
17
5
21
7
7
10
2
13
7
5
2
2
9
9
12
12
10
18
8
2
5
15
6
17
17
4
5
7
11
12
28
6
6
10
12
26
14
4
18
4
2
17
20
6
15
8
7
10
6
14
29
6
12
7
3
4
2
14
14
7
2
15
9
1
11
13
3
14
5
3
9
8
11
12
11
9
8
36
9
6
35
10
2
15
3
4
1
8
11
9
10
7
12
5
5
5
2
4
35
17
4
6
21
5
3
5
15
12
16
7
24
6
12
19
6
8
14
16
13
11
7
7
11
